0 10
1 28
2 20
3 20
5 33
6 31
7 21
8 10
10 10
11 39
12 44
13 64
15 26
17 34
18 44
19 38
20 10
21 17
22 17
26 68
27 55
28 29
29 36
30 66
31 13
33 33
34 69
35 29
37 85
38 32
39 30
40 83
43 66
44 65
45 21
46 59
47 19
48 26
50 54
52 67
53 28
54 74
55 21
56 85
57 23
58 20
59 82
60 66
61 16
62 82
63 62
64 23
66 73
67 10
68 60
69 69
70 40
71 80
72 55
74 33
76 50
78 81
79 80
80 67
81 76
82 85
83 68
84 63
85 70
86 78
87 64
88 47
89 68
90 71
91 75
92 77
93 64
94 45
95 70
96 76
97 77
98 57
99 69
100 65
102 74
103 10
104 27
106 16
107 27
112 6
115 43
116 23
117 32
118 13
119 13
121 45
122 41
123 31
124 26
125 46
126 16
127 28
130 63
131 16
134 70
135 71
136 17
137 21
138 61
141 54
142 17
143 24
144 63
147 67
148 20
149 79
150 49
152 20
154 17
156 80
157 23
158 19
159 13
160 82
161 25
162 62
163 35
164 70
165 6
167 60
168 42
169 57
170 71
171 31
173 73
174 47
175 31
176 61
178 30
180 19
181 6
182 66
183 35
184 33
185 23
186 63
187 29
188 29
189 43
190 52
191 20
192 17
193 34
194 43
195 23
196 61
197 23
199 28
200 45
201 42
202 58
203 20
204 43
206 43
208 28
209 10
210 25
211 89
212 40
213 34
214 62
215 20
218 16
219 71
220 65
221 91
222 10
223 16
224 16
225 81
226 69
227 72
229 41
230 29
231 24
233 17
234 37
238 54
242 20
248 53
254 41
260 54
261 34
262 40
263 24
264 84
265 52
266 19
267 44
268 74
269 16
271 34
272 33
273 51
274 52
275 27
276 19
277 23
278 50
279 53
280 38
281 13
282 41
284 27
286 77
287 58
288 63
289 59
290 75
291 70
292 53
293 58
294 81
295 70
296 75
297 97
298 73
299 47
300 80
301 65
302 39
303 69
304 76
305 76
306 59
307 51
308 75
310 51
311 20
312 77
313 65
314 44
315 41
316 87
317 40
318 47
319 45
320 78
321 24
322 10
323 41
324 61
325 53
326 76
327 70
328 25
329 40
330 63
331 54
332 59
333 41
334 47
336 65
338 83
339 66
340 87
341 111
342 78
343 62
344 83
345 73
346 83
347 46
348 72
349 60
350 60
351 80
352 82
353 58
354 55
355 60
356 82
357 91
358 66
359 71
360 75
361 57
362 84
363 28
365 17
366 25
369 55
371 25
375 13
377 43
379 21
381 51
382 32
383 16
384 32
385 13
386 23
390 73
391 33
392 28
393 29
394 74
395 29
396 6
397 56
398 68
399 19
400 31
401 59
402 26
403 19
404 73
405 85
407 67
408 66
409 71
410 48
412 43
414 26
436 60
442 79
443 63
444 74
445 89
446 92
447 61
448 71
449 61
450 85
451 33
452 73
453 73
454 82
455 70
456 75
457 62
458 45
459 83
460 78
461 89
462 56
463 57
464 61
466 78
467 6
468 87
469 74
470 75
471 70
472 81
473 72
474 67
475 87
476 86
477 56
478 77
479 72
480 75
481 79
482 80
483 76
484 57
485 68
486 90
487 94
488 73
489 60
490 74
492 66
493 16
494 86
495 69
496 77
497 74
498 92
499 69
500 60
501 93
502 95
503 54
504 50
505 71
506 76
507 69
508 80
509 70
510 40
511 72
512 83
513 95
514 74
515 55
516 80
518 69
519 34
520 38
521 50
522 59
523 58
524 31
525 34
526 76
527 37
528 29
529 13
531 62
532 38
533 63
534 30
535 36
537 66
538 79
539 69
541 42
542 36
543 46
545 27
546 64
550 94
554 77
557 52
560 68
563 59
564 6
566 13
567 19
570 53
572 80
573 45
574 36
575 36
576 61
577 49
578 17
579 69
580 68
581 21
582 46
583 52
584 42
585 62
586 67
587 35
588 13
589 46
590 57
591 60
592 29
593 16
594 44
596 49
598 25
599 13
600 21
602 46
603 10
605 10
606 37
609 23
610 6
612 26
616 16
617 27
620 27
624 74
625 69
626 53
627 56
628 69
629 63
630 49
631 67
632 76
633 41
634 34
635 60
636 57
637 56
638 71
639 54
640 31
641 48
642 80
643 75
644 45
645 29
646 68
648 52
650 44
653 24
654 63
657 27
658 53
660 10
662 32
663 6
664 23
670 37
674 38
675 45
676 16
677 65
678 75
679 62
681 21
682 57
683 42
684 34
686 43
687 67
688 25
689 72
691 38
693 74
694 62
695 70
696 35
697 19
698 27
700 44
701 29
702 35
706 58
710 53
713 48
716 49
719 19
721 6
722 28
726 40
728 20
735 21
736 6
742 21
745 6
747 10
750 16
758 13
762 32
768 23
771 13
774 39
780 80
781 57
782 80
783 74
784 85
785 78
786 78
787 74
788 76
789 36
790 44
791 75
792 59
793 71
794 58
795 59
796 44
797 79
798 78
799 80
800 55
801 49
802 59
804 61
805 46
806 10
810 6
814 6
820 23
823 17
840 6
846 13
849 6
858 46
862 33
866 28
872 30
884 28
885 36
886 31
887 45
888 47
889 16
890 57
893 10
895 65
896 16
897 63
898 30
899 10
900 10
901 56
902 61
903 69
904 13
905 32
906 6
909 21
910 17
914 65
930 24
962 71
966 89
970 73
976 68
982 64
986 67
988 34
992 29
996 48
1000 6
1002 16
1008 6
1012 16
1014 19
1018 25
1028 33
1040 57
1041 34
1042 13
1043 68
1044 13
1045 38
1046 43
1047 33
1048 42
1051 61
1052 45
1053 63
1054 68
1057 72
1058 51
1059 71
1060 83
1061 62
1062 60
1063 55
1064 66
1066 6
1070 6
1080 10
1083 13
1118 70
1122 74
1126 74
1132 78
1135 6
1138 62
1142 25
1144 41
1145 27
1146 52
1147 19
1148 65
1149 25
1150 19
1151 32
1152 41
1154 24
1155 13
1156 16
1157 10
1158 60
1159 21
1160 6
1161 17
1162 26
1163 55
1164 42
1166 36
1168 10
1170 53
1171 30
1172 19
1173 13
1174 46
1175 36
1177 47
1178 39
1179 13
1181 39
1182 13
1183 20
1184 41
1185 16
1187 29
1188 45
1189 46
1190 26
1191 6
1192 38
1194 20
1197 31
1198 61
1199 37
1200 24
1201 32
1202 36
1204 56
1206 23
1207 56
1208 30
1209 53
1210 38
1211 28
1213 71
1214 67
1215 92
1219 26
1220 45
1221 33
1226 17
1230 45
1236 6
1239 6
1248 25
1252 29
1255 30
1256 32
1262 21
1268 10
1300 70
1301 50
1302 53
1303 52
1304 51
1305 51
1306 47
1307 65
1308 55
1309 39
1310 33
1311 51
1312 58
1313 51
1314 53
1315 50
1316 21
1317 52
1318 63
1319 79
1320 30
1321 38
1322 58
1323 10
1324 38
1325 6
1352 34
1353 56
1354 43
1355 61
1356 40
1357 42
1358 37
1359 25
1360 40
1361 13
1362 39
1363 80
1364 79
1365 82
1366 13
1367 71
1369 80
1370 74
1371 73
1372 77
1373 57
1374 31
1376 30
1377 10
1378 25
1382 36
1386 6
1389 13
1392 21
1395 19
1398 34
1402 13
1404 60
1408 67
1411 40
1412 56
1415 36
1418 69
1421 23
1424 68
1430 23
1434 40
1438 32
1444 33
1447 23
1450 13
1456 84
1457 67
1458 59
1459 79
1460 65
1461 66
1462 50
1463 71
1464 78
1465 41
1466 42
1467 68
1468 67
1469 75
1470 77
1471 71
1472 32
1473 78
1474 85
1475 78
1476 49
1477 57
1478 74
1479 31
1480 53
1481 16
1482 28
1486 30
1490 30
1493 17
1496 34
1499 25
1502 20
1508 17
1512 31
1519 16
1522 17
1525 24
1528 6
1534 89
1535 62
1536 66
1537 61
1538 86
1539 63
1540 54
1541 77
1542 85
1543 39
1544 42
1545 60
1546 71
1547 57
1548 80
1549 61
1550 27
1551 65
1552 73
1553 76
1554 61
1555 42
1556 76
1558 56
1559 10
1560 68
1561 35
1562 31
1563 64
1564 71
1565 44
1566 38
1567 17
1571 55
1572 34
1573 68
1574 70
1575 61
1577 61
1578 62
1579 69
1580 13
1581 54
1582 23
1585 27
1586 6
1590 10
1600 17
1606 16
1612 68
1613 56
1614 53
1615 46
1616 75
1617 54
1618 47
1619 62
1620 68
1621 33
1622 30
1623 64
1624 51
1625 55
1626 65
1627 49
1628 20
1629 45
1630 68
1631 68
1632 45
1633 32
1634 62
1636 55
1638 72
1642 75
1646 61
1652 76
1657 10
1658 64
1662 20
1664 36
1668 32
1672 23
1678 25
1684 21
1688 6
1690 20
1694 25
1698 28
1704 30
1716 67
1717 39
1718 51
1719 37
1720 29
1721 54
1722 60
1723 38
1724 53
1727 75
1728 90
1729 91
1730 54
1731 53
1732 36
1733 75
1734 72
1735 53
1736 90
1737 67
1738 66
1739 17
1740 19
1741 19
1742 28
1746 30
1749 6
1750 30
1753 28
1756 31
1759 32
1762 41
1766 6
1788 61
1794 66
1798 75
1802 75
1808 73
1814 63
1818 58
1820 47
1821 29
1822 34
1823 20
1824 38
1825 36
1826 16
1827 41
1828 44
1829 13
1830 6
1831 25
1832 38
1833 17
1834 42
1835 36
1836 21
1837 17
1838 31
1839 53
1840 24
1842 39
1844 23
1846 67
1847 46
1848 41
1849 36
1850 75
1851 55
1852 32
1853 58
1854 82
1855 31
1856 21
1857 64
1858 44
1859 41
1860 73
1861 42
1862 17
1863 52
1864 64
1865 65
1866 64
1867 21
1868 56
1870 38
1872 20
1873 27
1874 17
1875 42
1876 39
1877 35
1880 45
1883 73
1884 56
1885 45
1886 32
1887 61
1889 73
1890 65
1891 63
1893 6
1897 24
1898 16
1906 21
1912 19
1924 38
1928 34
1931 37
1932 35
1938 32
1941 17
1976 49
1977 33
1978 37
1979 27
1980 21
1981 35
1982 32
1983 44
1984 45
1985 13
1986 6
1987 30
1988 34
1989 34
1990 48
1991 34
1993 37
1994 46
1995 50
1996 20
1997 6
1998 49
2000 31
2002 16
2006 10
2028 23
2029 71
2030 67
2031 63
2032 21
2033 67
2034 70
2035 57
2036 57
2037 34
2038 36
2039 79
2040 72
2041 91
2042 16
2043 64
2044 38
2045 76
2046 81
2047 81
2048 65
2049 57
2050 67
2052 80
2053 47
2054 65
2058 87
2062 49
2065 58
2068 66
2071 64
2074 72
2076 13
2078 79
2080 70
2084 52
2087 65
2088 42
2091 60
2094 79
2097 60
2100 53
2104 16
2106 61
2107 20
2110 80
2111 16
2112 6
2113 13
2114 73
2117 63
2118 20
2119 17
2120 72
2121 19
2123 68
2124 35
2125 39
2126 54
2128 28
2130 50
2132 84
2133 62
2134 72
2135 83
2136 68
2137 67
2138 55
2139 67
2140 62
2141 44
2142 24
2143 75
2144 71
2145 85
2146 68
2147 70
2148 36
2149 90
2150 83
2151 74
2152 57
2153 75
2154 61
2155 65
2156 53
2157 24
2158 71
2162 66
2166 67
2169 59
2172 79
2175 76
2178 59
2180 6
2184 62
2188 73
2191 17
2192 63
2195 56
2196 44
2197 13
2198 67
2201 65
2204 50
2208 13
2210 83
2214 89
2218 89
2222 6
2224 72
2230 60
2234 20
2236 70
2237 54
2238 67
2239 83
2240 78
2241 73
2242 62
2243 57
2244 34
2245 20
2246 44
2247 61
2248 65
2249 93
2250 52
2251 48
2253 68
2254 85
2255 83
2256 36
2257 64
2258 58
2259 6
2260 24
2261 35
2262 50
2266 56
2270 20
2276 66
2282 66
2288 40
2292 58
2296 55
2301 55
2302 28
2308 47
2314 69
2318 77
2322 72
2328 72
2334 47
2338 74
2340 79
2341 13
2342 16
2343 17
2344 73
2345 20
2346 30
2348 70
2351 31
2352 39
2354 72
2355 6
2357 62
2358 13
2360 57
2364 64
2366 65
2370 73
2374 59
2380 89
2384 10
2385 66
2386 41
2392 57
2393 55
2394 64
2395 42
2396 68
2397 83
2398 61
2399 53
2400 67
2401 27
2402 36
2403 66
2404 64
2405 88
2406 74
2407 57
2408 10
2409 69
2410 56
2411 63
2412 76
2413 63
2414 82
2415 28
2416 66
2417 49
2418 68
2422 66
2423 19
2425 38
2426 65
2429 61
2432 63
2435 74
2438 61
2442 16
2464 61
2470 75
2471 23
2473 6
2474 88
2476 20
2477 17
2478 69
2480 28
2481 6
2484 75
2487 24
2490 64
2492 19
2494 47
2495 19
2496 79
2497 54
2498 61
2499 47
2500 75
2501 55
2502 43
2503 80
2504 72
2505 34
2506 40
2507 59
2508 62
2509 52
2510 82
2511 65
2512 38
2513 44
2514 58
2515 80
2516 69
2517 28
2518 67
2520 43
2522 67
2523 6
2525 6
2526 62
2529 101
2530 61
2536 93
2539 64
2540 13
2541 6
2542 60
2544 59
2546 13
2548 51
2549 37
2550 69
2551 28
2552 51
2553 19
2554 39
2555 23
2556 31
2557 13
2558 51
2559 58
2560 44
2561 68
2562 23
2563 73
2565 64
2566 58
2567 60
2569 16
2574 66
2578 64
2582 61
2588 50
2594 16
2598 10
2600 77
2604 73
2607 82
2608 84
2614 68
2617 54
2652 61
2653 52
2654 46
2655 46
2656 64
2657 50
2658 42
2659 52
2660 60
2661 21
2662 34
2663 45
2664 51
2665 42
2666 76
2667 44
2668 17
2669 41
2670 57
2671 60
2672 29
2673 29
2674 56
2676 34
2678 23
2682 28
2685 25
2686 6
2691 6
2698 6
2704 43
2705 73
2706 81
2707 88
2708 23
2709 71
2710 72
2711 58
2712 63
2713 34
2714 74
2715 85
2716 74
2717 97
2718 52
2719 72
2720 35
2721 95
2722 90
2723 90
2724 71
2725 75
2726 63
2727 32
2728 39
2729 32
2730 78
2731 32
2734 85
2737 16
2738 65
2741 69
2744 77
2747 74
2748 28
2749 44
2750 79
2751 6
2752 10
2754 67
2756 87
2758 39
2759 24
2760 79
2763 79
2764 74
2766 65
2767 71
2768 6
2769 6
2770 93
2772 13
2773 75
2774 46
2775 86
2776 70
2778 10
2780 37
2782 95
2783 84
2784 71
2785 72
2786 84
2787 80
2788 69
2789 90
2790 93
2791 63
2792 51
2793 74
2794 77
2795 73
2796 89
2797 72
2798 49
2799 77
2800 81
2801 98
2802 78
2803 58
2804 84
2806 66
2807 24
2808 70
2809 55
2810 61
2811 77
2812 41
2813 59
2814 43
2815 64
2816 67
2817 32
2818 66
2819 77
2820 81
2821 90
2822 56
2823 76
2824 44
2825 64
2826 69
2827 80
2828 40
2829 72
2830 60
2831 74
2832 61
2833 46
2834 78
2835 33
2836 42
2837 28
2838 77
2839 66
2840 23
2841 37
2842 80
2843 21
2844 17
2845 71
2846 28
2847 23
2848 88
2849 28
2850 6
2851 80
2852 46
2853 72
2854 74
2855 6
2856 44
2858 25
2860 81
2861 39
2862 34
2863 32
2864 70
2865 32
2866 54
2867 44
2868 75
2869 17
2870 21
2871 65
2872 34
2873 40
2874 76
2875 35
2877 78
2878 58
2879 41
2880 67
2882 47
2884 45
2885 13
2886 92
2887 13
2888 16
2889 17
2890 89
2891 17
2893 17
2894 84
2898 21
2899 16
2900 80
2901 13
2903 16
2904 26
2905 23
2906 69
2908 27
2910 36
2912 57
2913 40
2914 56
2915 64
2916 31
2917 63
2918 73
2919 57
2920 32
2921 21
2922 45
2923 62
2924 68
2925 92
2926 35
2927 40
2928 10
2929 83
2930 82
2931 82
2932 28
2933 70
2934 57
2935 6
2936 6
2937 59
2938 53
2942 57
2946 24
2952 63
2958 64
2964 50
2965 30
2966 21
2967 20
2968 61
2969 30
2970 13
2971 33
2972 67
2973 16
2974 6
2975 39
2976 23
2977 69
2978 42
2979 23
2981 36
2982 56
2983 41
2984 44
2986 35
2988 16
2990 83
2991 60
2992 52
2993 72
2994 84
2995 85
2996 36
2997 53
2998 87
2999 27
3000 23
3001 89
3002 52
3003 36
3004 81
3005 66
3006 23
3007 41
3008 70
3009 75
3010 57
3011 69
3012 57
3014 80
3015 16
3016 90
3017 76
3018 46
3019 44
3020 88
3021 53
3022 42
3023 56
3024 80
3025 29
3026 31
3027 50
3028 51
3029 59
3030 86
3031 78
3032 23
3033 55
3034 71
3035 69
3036 71
3037 26
3038 60
3040 71
3042 86
3043 70
3044 88
3045 87
3046 89
3047 69
3048 75
3049 79
3050 85
3051 65
3052 52
3053 73
3054 68
3055 70
3056 87
3057 66
3058 41
3059 64
3060 84
3061 101
3062 66
3063 59
3064 75
3066 63
3067 36
3068 39
3069 59
3070 58
3071 47
3072 10
3073 92
3074 28
3075 50
3076 49
3078 13
3079 70
3080 38
3081 83
3082 19
3083 76
3085 72
3086 28
3087 72
3088 72
3089 62
3090 44
3091 13
3092 13
3094 82
3095 45
3096 36
3097 29
3098 79
3099 43
3100 24
3101 62
3102 73
3103 13
3105 78
3106 44
3107 37
3108 80
3109 53
3110 10
3111 84
3112 62
3113 76
3114 70
3115 17
3116 45
3118 44
3140 75
3146 93
3147 79
3148 80
3149 74
3150 103
3151 82
3152 73
3153 86
3154 91
3155 55
3156 62
3157 78
3158 81
3159 79
3160 89
3161 75
3162 48
3163 85
3164 96
3165 93
3166 75
3167 78
3168 85
3169 54
3170 89
3171 27
3172 93
3173 70
3174 77
3175 65
3176 89
3177 70
3178 59
3179 87
3180 87
3181 47
3182 59
3183 70
3184 73
3185 71
3186 88
3187 81
3188 54
3189 61
3190 95
3191 96
3192 80
3193 52
3194 80
3195 21
3196 61
3197 10
3198 81
3199 57
3200 67
3201 51
3202 78
3203 57
3204 47
3205 101
3206 81
3207 39
3208 35
3209 60
3210 61
3211 50
3212 92
3213 48
3214 30
3215 79
3216 73
3217 86
3218 77
3219 32
3220 78
3222 69
3223 16
3224 29
3225 19
3226 38
3227 33
3228 25
3229 44
3230 32
3231 34
3232 42
3234 10
3235 38
3236 40
3237 72
3238 25
3239 69
3240 17
3241 67
3242 63
3243 54
3245 40
3246 27
3247 37
3248 21
3249 10
3250 70
3251 28
3252 23
3253 13
3254 95
3255 20
3256 23
3257 32
3258 79
3260 16
3261 19
3262 23
3263 48
3264 70
3265 23
3267 34
3268 42
3269 37
3270 32
3271 19
3272 37
3274 16
3276 93
3277 53
3278 53
3279 53
3280 82
3281 52
3282 42
3283 88
3284 85
3285 29
3286 29
3287 52
3288 57
3289 52
3290 83
3291 53
3292 26
3293 63
3294 66
3295 64
3296 43
3297 33
3298 61
3300 46
3302 68
3303 17
3304 74
3306 61
3307 17
3309 51
3310 63
3313 17
3314 16
3315 16
3316 38
3317 79
3318 35
3320 23
3321 72
3322 34
3323 6
3324 19
3326 17
3328 71
3329 55
3330 63
3331 62
3332 80
3333 56
3334 50
3335 69
3336 55
3337 32
3338 46
3339 55
3340 58
3341 48
3342 83
3343 55
3344 23
3345 63
3346 69
3347 62
3348 37
3349 37
3350 74
3352 32
3354 21
3357 23
3358 46
3359 10
3361 30
3362 37
3363 6
3365 16
3367 19
3368 33
3369 6
3372 13
3373 17
3374 46
3375 25
3376 23
3378 6
3379 17
3380 32
3381 60
3382 82
3383 56
3384 23
3385 57
3386 57
3387 48
3388 71
3389 28
3390 29
3391 75
3392 71
3393 78
3394 20
3395 57
3396 29
3397 71
3398 72
3399 78
3400 66
3401 61
3402 51
3403 17
3404 41
3405 13
3406 54
3410 62
3414 37
3417 50
3420 57
3423 53
3426 55
3430 46
3432 58
3436 36
3439 56
3440 44
3443 49
3446 70
3449 47
3452 40
3456 23
3458 49
3462 60
3465 13
3466 55
3472 53
3475 48
3476 10
3477 13
3478 41
3480 23
3482 23
3484 72
3485 48
3486 71
3487 55
3488 76
3489 45
3490 36
3491 52
3492 57
3493 31
3494 17
3495 78
3496 53
3497 65
3498 52
3499 40
3500 25
3501 78
3502 64
3503 62
3504 45
3505 61
3506 68
3507 52
3508 53
3509 10
3510 69
3511 46
3512 38
3513 34
3514 78
3515 39
3516 28
3517 53
3518 77
3519 13
3520 6
3521 57
3522 39
3523 32
3524 68
3525 39
3526 10
3527 61
3528 48
3529 58
3530 48
3531 23
3532 48
3534 34
3536 40
3540 49
3543 23
3544 41
3547 42
3549 6
3550 56
3553 55
3556 37
3562 59
3566 76
3570 79
3576 59
3582 52
3586 16
3588 50
3589 30
3590 77
3591 60
3592 69
3593 60
3594 64
3595 45
3598 29
3599 65
3600 49
3601 82
3602 27
3603 27
3604 10
3605 81
3606 59
3607 73
3608 6
3609 63
3610 45
3611 58
3614 38
3618 46
3622 6
3628 49
3634 53
3640 24
3644 35
3648 40
3653 37
3654 6
3657 21
3660 36
3666 70
3670 69
3674 70
3680 72
3686 63
3690 55
3692 65
3694 13
3695 13
3696 60
3697 20
3698 23
3700 58
3703 21
3704 34
3706 60
3709 48
3710 33
3712 46
3716 61
3718 53
3722 49
3726 43
3732 58
3738 32
3742 6
3744 34
3745 42
3746 40
3747 24
3748 33
3749 58
3750 39
3751 31
3752 30
3754 13
3755 72
3756 13
3757 66
3758 68
3759 42
3761 99
3762 28
3763 47
3764 78
3765 37
3766 30
3767 36
3768 21
3770 60
3774 56
3775 6
3777 32
3778 49
3781 47
3784 57
3787 61
3790 44
3794 6
3816 38
3822 74
3826 80
3827 10
3829 20
3830 74
3836 90
3842 54
3846 32
3848 60
3849 24
3850 44
3851 17
3852 59
3853 25
3855 62
3856 54
3858 27
3859 42
3860 45
3861 34
3862 64
3863 52
3864 20
3865 17
3866 29
3867 60
3868 59
3870 40
3872 31
3874 58
3875 46
3876 30
3877 24
3878 82
3879 48
3880 23
3881 98
3882 58
3883 13
3884 20
3885 52
3886 42
3887 35
3888 68
3889 34
3891 55
3892 48
3893 60
3894 43
3895 13
3896 54
3898 55
3899 6
3900 6
3902 16
3903 6
3904 39
3906 46
3911 82
3912 45
3913 62
3915 51
3917 64
3918 65
3919 55
3926 41
3930 45
3934 53
3940 42
3950 6
3952 62
3956 55
3959 70
3960 62
3966 53
3969 40
3972 10
4004 29
4005 10
4007 6
4008 42
4009 21
4011 35
4012 45
4015 6
4016 27
4017 6
4018 71
4019 13
4021 6
4022 10
4023 38
4026 13
4028 26
4034 19
4037 6
4038 16
4056 13
4057 65
4058 55
4059 50
4060 10
4061 56
4062 65
4063 44
4064 80
4065 25
4066 23
4067 71
4068 60
4069 84
4070 16
4071 54
4072 27
4073 73
4074 68
4075 75
4076 41
4077 70
4078 58
4080 52
4081 61
4082 57
4086 66
4090 36
4093 43
4096 51
4099 51
4102 65
4106 53
4108 57
4112 33
4115 53
4116 34
4119 48
4122 64
4125 47
4128 26
4132 6
4134 52
4138 55
4142 54
4148 62
4151 47
4154 37
4158 6
4160 69
4161 55
4162 52
4163 76
4164 49
4165 55
4166 41
4167 58
4168 61
4169 29
4170 30
4171 63
4172 61
4173 80
4174 70
4175 47
4176 23
4177 80
4178 72
4179 80
4180 35
4181 56
4182 60
4183 51
4184 52
4185 13
4186 53
4190 47
4194 51
4197 44
4200 69
4203 65
4206 41
4212 54
4216 67
4220 59
4223 58
4226 53
4229 52
4230 27
4231 6
4232 29
4236 34
4238 68
4239 64
4240 41
4241 40
4242 78
4243 49
4244 36
4245 62
4246 79
4247 30
4248 21
4249 54
4250 44
4251 52
4252 63
4253 43
4254 16
4255 42
4256 59
4257 95
4258 48
4259 31
4260 56
4262 37
4264 48
4265 46
4266 54
4267 45
4268 37
4269 51
4270 39
4271 41
4272 6
4274 26
4275 60
4276 61
4277 84
4278 56
4279 26
4281 70
4282 60
4283 70
4284 30
4285 75
4286 41
4289 27
4290 33
4294 37
4298 6
4304 43
4310 42
4316 16
4320 25
4324 34
4329 36
4336 28
4342 75
4346 71
4350 69
4356 69
4362 36
4366 62
4368 66
4370 21
4371 13
4372 63
4376 48
4379 20
4380 21
4382 61
4385 38
4388 45
4392 52
4394 64
4395 34
4396 24
4397 10
4398 64
4399 27
4400 10
4401 35
4402 69
4403 10
4405 23
4406 21
4407 17
4408 68
4409 30
4411 16
4412 49
4413 49
4414 28
4415 6
4416 38
4418 32
4420 64
4421 52
4422 36
4423 66
4424 50
4425 75
4426 38
4427 49
4428 71
4429 16
4430 10
4431 57
4432 45
4433 76
4434 79
4435 44
4436 10
4437 65
4438 52
4439 74
4440 63
4441 64
4442 56
4444 32
4445 13
4446 57
4450 53
4453 27
4454 50
4457 50
4460 52
4463 56
4466 41
4492 44
4498 81
4502 83
4506 65
4508 6
4512 76
4518 52
4522 55
4524 68
4525 49
4526 49
4527 41
4528 58
4529 47
4530 36
4531 65
4532 62
4533 28
4534 31
4535 48
4536 49
4537 42
4538 69
4539 51
4540 29
4541 38
4542 51
4543 68
4544 55
4545 29
4546 62
4548 37
4550 48
4554 47
4557 89
4558 57
4564 82
4567 49
4570 35
4572 42
4576 63
4577 36
4578 42
4580 68
4584 65
4587 61
4588 44
4589 65
4590 25
4591 64
4593 58
4594 56
4595 39
4600 24
4602 34
4606 48
4610 40
4616 43
4628 64
4632 55
4635 71
4636 70
4642 56
4645 38
4680 37
4681 19
4682 20
4683 16
4684 43
4685 25
4687 24
4688 28
4691 6
4692 32
4693 16
4694 62
4695 37
4697 16
4698 24
4699 31
4700 6
4702 29
4704 6
4706 21
4710 6
4713 19
4732 52
4733 67
4734 62
4735 96
4736 51
4737 61
4738 60
4739 57
4740 72
4741 32
4742 56
4743 82
4744 69
4745 92
4746 42
4747 82
4748 38
4749 82
4750 84
4751 103
4752 58
4753 91
4754 61
4755 10
4756 54
4757 37
4758 49
4762 59
4765 10
4766 41
4769 45
4772 61
4775 49
4778 56
4780 6
4782 55
4784 58
4788 45
4791 53
4792 31
4795 46
4798 66
4801 45
4804 37
4810 46
4814 57
4818 57
4824 53
4827 53
4830 39
4836 94
4837 88
4838 93
4839 94
4840 87
4841 90
4842 84
4843 92
4844 90
4845 62
4846 72
4847 90
4848 94
4849 94
4850 85
4851 90
4852 62
4853 107
4854 99
4855 89
4856 69
4857 77
4858 94
4859 50
4860 89
4861 38
4862 52
4866 48
4870 47
4873 44
4876 62
4879 55
4882 55
4888 42
4892 42
4896 34
4899 41
4901 6
4902 51
4905 56
4908 36
4914 70
4918 78
4922 75
4928 56
4934 46
4938 10
4940 45
4941 40
4942 92
4943 62
4944 68
4945 48
4946 65
4947 47
4948 13
4950 35
4951 82
4952 94
4953 95
4954 56
4955 61
4957 68
4958 102
4959 75
4960 25
4961 49
4962 42
4965 37
4966 28
4970 37
4980 45
4986 37
4992 41
4996 33
5000 38
5005 34
5006 26
5011 6
5012 33
5018 56
5022 56
5026 55
5032 54
5038 29
5042 55
5044 66
5045 6
5046 6
5047 6
5048 66
5049 13
5050 20
5051 13
5052 52
5055 21
5056 25
5057 6
5058 57
5061 42
5062 10
5064 48
5068 55
5070 52
5071 29
5072 32
5073 39
5074 55
5075 17
5076 16
5077 32
5078 45
5081 23
5082 25
5083 28
5084 60
5085 16
5086 6
5087 13
5088 39
5089 41
5090 20
5092 39
5094 13
5096 62
5097 51
5098 62
5099 59
5100 57
5101 72
5102 47
5103 73
5104 61
5105 23
5106 53
5107 83
5108 76
5109 73
5110 69
5111 73
5112 6
5113 79
5114 81
5115 70
5116 94
5117 64
5118 85
5120 29
5122 52
5126 52
5127 19
5129 23
5130 49
5133 49
5136 46
5139 58
5142 41
5168 44
5174 55
5178 77
5181 6
5182 60
5188 77
5194 57
5198 20
5200 60
5201 35
5202 43
5203 27
5204 59
5205 33
5206 23
5207 66
5208 56
5209 13
5210 26
5211 41
5212 42
5213 34
5214 65
5215 50
5216 25
5217 20
5218 38
5219 60
5220 58
5221 10
5222 47
5224 28
5226 72
5227 65
5228 53
5229 49
5230 75
5231 65
5232 46
5233 89
5234 70
5235 41
5236 27
5237 59
5238 54
5239 59
5240 77
5241 55
5242 21
5243 58
5244 69
5245 74
5246 53
5247 31
5248 64
5250 56
5252 13
5253 37
5254 58
5255 50
5256 27
5257 28
5258 50
5259 16
5260 6
5262 13
5263 33
5264 68
5265 72
5267 42
5269 68
5270 71
5271 58
5273 6
5275 34
5276 6
5277 10
5278 39
5282 45
5286 40
5292 36
5304 71
5308 64
5311 69
5312 62
5318 64
5321 33
5356 51
5357 42
5358 40
5359 56
5360 53
5361 40
5362 35
5363 51
5364 52
5365 21
5366 10
5367 38
5368 45
5369 47
5370 67
5371 40
5373 32
5374 58
5375 54
5377 13
5378 48
5379 6
5380 40
5386 16
5395 6
5408 47
5409 55
5410 44
5411 44
5412 30
5413 36
5414 64
5415 38
5416 44
5417 10
5418 10
5419 72
5420 73
5421 79
5422 39
5423 37
5425 62
5426 59
5427 68
5428 26
5429 21
5430 44
5432 19
5433 16
5434 49
5435 50
5438 68
5442 59
5445 79
5447 6
5448 36
5451 47
5452 27
5453 10
5454 56
5456 10
5458 16
5460 81
5461 43
5462 48
5463 40
5464 84
5465 45
5466 38
5467 92
5468 72
5469 23
5470 75
5471 55
5472 43
5473 38
5474 68
5475 51
5476 19
5477 45
5478 59
5479 71
5480 69
5481 29
5482 47
5484 34
5485 6
5486 72
5487 59
5488 54
5489 67
5490 88
5491 54
5492 63
5493 72
5494 74
5495 56
5496 47
5497 64
5498 64
5499 80
5500 74
5501 60
5502 29
5503 53
5504 69
5505 78
5506 50
5507 35
5508 61
5510 58
5511 17
5512 51
5513 42
5514 60
5515 83
5516 30
5517 67
5518 42
5519 43
5520 48
5521 25
5522 44
5523 64
5524 43
5525 80
5526 43
5527 36
5528 16
5529 83
5530 80
5531 71
5532 64
5533 69
5534 62
5535 42
5536 29
5537 25
5538 56
5539 40
5540 32
5541 28
5542 76
5543 71
5544 28
5545 64
5546 74
5547 28
5548 17
5549 53
5550 42
5551 45
5552 62
5553 37
5554 16
5555 37
5556 57
5557 73
5558 59
5559 13
5560 51
5562 67
5564 59
5565 36
5566 31
5567 28
5568 62
5569 31
5570 51
5571 92
5572 60
5574 10
5575 43
5576 43
5577 75
5578 54
5579 28
5581 46
5582 49
5583 31
5584 61
5585 16
5586 32
5588 26
5589 21
5590 76
5594 52
5598 38
5604 51
5610 25
5616 38
5617 21
5618 24
5619 23
5620 16
5621 31
5622 17
5623 25
5624 41
5625 13
5626 13
5627 25
5628 39
5629 47
5630 33
5631 27
5633 23
5634 36
5635 47
5636 6
5637 13
5638 35
5642 16
5646 20
5656 27
5662 39
5668 17
5672 81
5675 55
5676 49
5681 64
5682 35
5686 6
5687 13
5688 24
5694 65
5695 44
5696 42
5697 75
5698 83
5699 44
5700 38
5701 49
5702 79
5703 23
5704 50
5705 92
5706 43
5707 43
5708 65
5709 28
5710 13
5711 32
5712 62
5713 64
5714 42
5715 50
5716 51
5718 73
5720 82
5721 67
5722 52
5723 53
5724 85
5725 62
5726 55
5727 68
5728 74
5729 41
5730 36
5731 54
5732 69
5733 60
5734 67
5735 79
5736 30
5737 49
5738 82
5739 76
5740 61
5741 38
5742 69
5744 49
5746 88
5747 66
5748 88
5749 88
5750 89
5751 78
5752 108
5753 83
5754 82
5755 59
5756 77
5757 70
5758 71
5759 73
5760 77
5761 69
5762 60
5763 63
5764 86
5765 99
5766 73
5767 70
5768 74
5769 24
5770 61
5771 19
5772 34
5773 32
5774 40
5775 44
5777 39
5778 42
5779 35
5780 19
5783 58
5784 28
5785 96
5786 23
5787 31
5789 58
5790 52
5791 52
5792 79
5793 29
5794 40
5798 60
5799 32
5800 25
5801 27
5802 55
5803 34
5804 17
5805 44
5806 54
5809 55
5810 32
5811 13
5812 49
5813 63
5815 49
5816 61
5817 57
5818 40
5819 6
5820 43
5822 21
5823 6
5844 54
5850 71
5851 59
5852 69
5853 65
5854 83
5855 59
5856 55
5857 63
5858 71
5859 50
5860 43
5861 72
5862 65
5863 48
5864 69
5865 59
5866 27
5867 66
5868 80
5869 71
5870 43
5871 44
5872 62
5874 51
5876 85
5877 75
5878 81
5879 74
5880 86
5881 80
5882 71
5883 90
5884 83
5885 53
5886 61
5887 74
5888 79
5889 76
5890 79
5891 80
5892 54
5893 71
5894 86
5895 93
5896 64
5897 64
5898 78
5899 46
5900 58
5902 83
5903 67
5904 69
5905 63
5906 84
5907 64
5908 52
5909 99
5910 88
5911 42
5912 36
5913 58
5914 67
5915 63
5916 74
5917 58
5918 34
5919 63
5920 86
5921 88
5922 73
5923 43
5924 86
5926 81
5927 52
5940 54
5941 46
5942 6
5946 72
5947 6
5954 64
5955 13
5956 13
5958 89
5961 17
5962 75
5966 19
5967 16
5968 47
5969 17
5971 32
5972 20
5973 32
5974 20
5976 20
5978 16
5980 70
5984 51
5987 49
5988 66
5994 59
5997 32
6006 37
6007 25
6008 27
6009 19
6010 56
6011 36
6013 42
6014 43
6015 6
6016 6
6017 23
6018 42
6019 19
6020 42
6021 27
6023 23
6024 37
6025 56
6026 13
6027 6
6028 36
6030 30
6032 6
6036 17
6040 13
6046 32
6058 51
6062 71
6065 31
6066 52
6072 45
6077 6
6078 21
6083 40
6085 29
6086 54
6087 30
6089 33
6090 17
6092 33
6094 10
6096 39
6097 38
6099 16
6101 37
6102 19
6103 6
6104 26
6105 61
6106 37
6107 6
6188 78
6190 68
6192 23
6193 23
6195 17
6199 32
6200 21
6201 55
6203 16
6205 42
6206 57
6207 30
6208 21
6209 25
6210 39
6293 16
6297 13
6304 31
6305 31
6448 49
6449 45
6450 40
6451 41
6452 50
6453 41
6454 36
6455 62
6456 61
6458 48
6459 61
6460 32
6461 55
6462 28
6463 36
6464 20
6465 48
6466 57
6467 45
6468 53
6469 34
6470 52
6472 65
6473 10
6604 13
6605 24
6607 59
6610 38
6612 16
6615 50
6616 48
6617 54
6619 21
6621 53
6622 76
6623 53
6625 28
6627 10
6760 34
6761 56
6762 41
6763 43
6765 45
6766 52
6767 38
6768 34
6769 13
6770 16
6771 50
6772 39
6773 71
6774 16
6775 38
6776 10
6777 53
6778 56
6779 62
6780 17
6781 27
6782 43
6783 23
6784 39
6785 17
6786 41
6790 50
6794 30
6797 30
6800 39
6803 36
6806 53
6810 45
6812 46
6816 19
6819 44
6820 13
6823 37
6826 49
6829 34
6832 25
6838 31
6842 37
6846 39
6852 45
6855 36
6858 23
6864 74
6865 50
6866 52
6867 84
6868 68
6869 50
6870 40
6871 64
6872 63
6873 34
6874 34
6875 56
6876 64
6877 74
6878 62
6879 63
6880 24
6881 66
6882 67
6883 78
6884 51
6885 43
6886 57
6887 29
6888 61
6889 13
6890 52
6894 35
6898 41
6901 30
6904 56
6907 50
6910 34
6916 30
6920 26
6924 26
6927 29
6930 43
6933 41
6936 33
6942 59
6946 63
6950 61
6955 10
6956 66
6959 19
6961 34
6962 30
6963 13
6966 6
6968 45
6969 34
6970 44
6971 35
6972 40
6973 42
6974 19
6975 41
6976 33
6978 25
6979 64
6980 40
6981 87
6982 29
6983 36
6984 13
6985 52
6986 64
6987 63
6988 10
6989 23
6990 47
6992 16
6993 10
6994 13
6998 29
7008 30
7014 29
7020 13
7024 23
7028 10
7030 17
7033 26
7040 10
7046 43
7050 61
7054 52
7060 40
7066 16
7070 58
7072 50
7076 47
7080 33
7083 6
7084 6
7086 42
7089 31
7092 36
7096 41
7098 46
7102 74
7106 53
7112 83
7118 25
7122 10
7124 13
7125 25
7126 28
7129 69
7131 27
7134 6
7135 41
7136 6
7137 64
7138 25
7139 25
7141 44
7142 28
7143 17
7144 50
7145 52
7146 17
7148 32
7149 28
7150 41
7154 37
7157 6
7158 38
7161 46
7164 42
7167 41
7170 28
7196 35
7202 40
7206 48
7210 33
7216 46
7222 36
7228 63
7229 46
7230 42
7231 35
7232 46
7233 44
7234 33
7235 58
7236 54
7237 17
7238 17
7239 42
7240 44
7241 35
7242 62
7243 42
7244 16
7245 36
7246 48
7247 62
7248 41
7249 25
7250 55
7252 29
7254 29
7258 33
7261 73
7262 36
7268 66
7271 36
7274 32
7276 35
7290 6
7291 36
7292 10
7293 40
7295 52
7297 43
7298 27
7299 62
7305 36
7306 27
7310 34
7314 19
7320 17
7332 59
7336 49
7339 60
7340 58
7346 39
7349 17
7384 43
7385 34
7386 27
7387 26
7388 36
7389 28
7390 24
7391 34
7392 34
7393 6
7395 32
7396 21
7397 19
7398 59
7399 23
7401 23
7402 37
7403 40
7405 17
7406 39
7408 13
7436 36
7437 64
7438 80
7439 74
7440 31
7441 55
7442 65
7443 42
7444 75
7445 24
7446 41
7447 58
7448 68
7449 86
7450 31
7451 60
7452 35
7453 78
7454 82
7455 81
7456 75
7457 56
7458 64
7459 34
7460 72
7461 48
7462 51
7466 72
7470 36
7473 45
7476 56
7479 55
7482 61
7486 43
7488 56
7492 40
7495 55
7496 35
7499 44
7502 68
7505 47
7508 47
7512 6
7514 71
7515 76
7516 63
7517 60
7518 74
7519 62
7520 61
7521 78
7522 76
7523 41
7524 41
7525 63
7526 68
7527 78
7528 69
7529 62
7530 29
7531 69
7532 72
7533 71
7534 50
7535 38
7536 65
7538 57
7540 89
7541 73
7542 75
7543 86
7544 71
7545 77
7546 71
7547 71
7548 74
7549 48
7550 48
7551 64
7552 75
7553 82
7554 78
7555 68
7556 42
7557 73
7558 87
7559 87
7560 52
7561 70
7562 74
7563 63
7564 65
7565 23
7566 72
7567 58
7568 52
7569 49
7570 55
7571 56
7572 39
7573 58
7574 68
7575 34
7576 36
7577 51
7578 48
7579 46
7580 69
7581 50
7582 19
7583 58
7584 59
7585 69
7586 57
7587 32
7588 63
7590 37
7592 48
7596 53
7600 49
7603 42
7605 6
7606 58
7609 50
7612 44
7618 66
7622 69
7626 63
7632 57
7638 44
7644 70
7645 62
7646 74
7647 60
7648 79
7649 75
7650 79
7651 47
7652 36
7653 17
7654 81
7655 48
7656 66
7657 88
7658 60
7659 65
7660 38
7661 45
7662 77
7663 86
7664 30
7665 73
7666 46
7667 27
7668 6
7669 57
7670 27
7674 70
7684 42
7690 41
7696 53
7697 38
7698 21
7699 32
7700 64
7701 29
7702 21
7703 39
7704 65
7705 6
7707 32
7708 31
7709 50
7710 57
7711 27
7712 6
7713 25
7714 51
7715 48
7716 29
7717 10
7718 47
7720 29
7722 82
7723 74
7724 66
7725 66
7726 87
7727 66
7728 64
7729 75
7730 82
7731 45
7732 53
7733 63
7734 70
7735 68
7736 84
7737 64
7738 37
7739 66
7740 78
7741 84
7742 63
7743 46
7744 71
7746 83
7748 63
7749 20
7750 20
7751 13
7752 70
7753 20
7754 23
7755 29
7756 54
7759 40
7760 24
7761 34
7762 70
7763 19
7765 37
7766 42
7767 33
7768 43
7769 13
7770 26
7772 52
7774 48
7778 61
7782 45
7788 64
7792 6
7794 30
7798 10
7800 60
7801 47
7802 69
7803 55
7804 20
7805 74
7806 58
7807 34
7808 53
7810 57
7811 37
7812 52
7813 85
7814 84
7815 63
7816 45
7817 70
7818 76
7819 66
7820 75
7821 78
7822 83
7824 53
7825 26
7826 60
7827 27
7828 19
7829 19
7830 58
7831 34
7832 19
7833 49
7834 53
7835 10
7837 52
7838 43
7839 16
7840 55
7841 13
7843 58
7844 38
7845 43
7846 45
7848 27
7850 37
7872 47
7878 58
7882 71
7885 10
7886 54
7892 53
7898 43
7902 51
7904 69
7905 47
7906 51
7907 45
7908 70
7909 47
7910 38
7911 64
7912 64
7913 19
7914 34
7915 44
7916 50
7917 41
7918 73
7919 53
7920 28
7921 40
7922 51
7923 68
7924 55
7925 27
7926 61
7928 41
7930 66
7931 46
7932 40
7933 37
7934 67
7935 44
7936 26
7937 86
7938 65
7939 25
7940 13
7941 37
7942 39
7943 37
7944 71
7945 36
7946 16
7947 55
7948 57
7949 64
7950 51
7951 21
7952 51
7954 58
7955 10
7956 38
7957 50
7958 63
7959 54
7960 63
7961 30
7962 46
7964 34
7966 20
7967 31
7968 65
7969 66
7970 32
7971 50
7973 48
7974 65
7975 69
7977 17
7979 48
7980 6
7981 10
7982 44
7986 73
7990 47
7993 23
7996 41
8002 10
8008 75
8012 59
8015 67
8016 63
8022 54
8025 40
8060 83
8061 73
8062 70
8063 70
8064 65
8065 70
8066 61
8067 71
8068 76
8069 50
8070 53
8071 64
8072 64
8073 62
8074 76
8075 67
8076 38
8077 67
8078 76
8079 81
8080 60
8081 50
8082 73
8084 54
8085 34
8086 16
8090 19
8100 31
8112 48
8113 58
8114 60
8115 81
8116 29
8117 55
8118 69
8119 44
8120 73
8121 56
8122 76
8123 74
8124 58
8125 94
8126 29
8127 51
8128 23
8129 87
8130 74
8131 78
8132 38
8133 43
8134 50
8135 32
8136 72
8137 51
8138 62
8139 21
8140 10
8141 10
8142 76
8143 17
8145 29
8146 55
8147 10
8149 69
8150 21
8151 16
8152 55
8155 59
8156 46
8157 35
8158 63
8160 30
8162 52
8164 50
8166 37
8167 10
8168 28
8169 6
8171 52
8172 17
8175 38
8178 57
8180 6
8181 39
8184 29
8190 39
8194 52
8198 48
8204 53
8207 40
8209 10
8210 32
8214 23
8216 83
8217 67
8218 63
8219 84
8220 67
8221 68
8222 67
8223 70
8224 75
8225 46
8226 45
8227 69
8228 74
8229 91
8230 75
8231 62
8232 44
8233 78
8234 81
8235 87
8236 58
8237 56
8238 72
8239 46
8240 57
8241 6
8242 49
8246 44
8250 43
8253 34
8256 68
8259 57
8262 40
8268 38
8272 41
8276 51
8279 45
8282 54
8285 43
8288 25
8294 59
8298 73
8302 66
8306 10
8308 51
8314 38
8320 52
8321 27
8322 57
8323 70
8324 52
8325 47
8326 72
8327 42
8328 23
8329 20
8330 50
8331 80
8332 44
8333 87
8334 24
8335 27
8336 10
8337 63
8338 78
8339 75
8340 10
8341 21
8342 40
8343 43
8344 6
8345 23
8346 28
8350 36
8360 36
8366 40
8372 6
8376 28
8380 31
8385 36
8386 6
8389 13
8392 32
8398 46
8402 56
8406 53
8412 48
8418 25
8422 52
8424 72
8426 16
8427 6
8428 72
8429 10
8430 10
8432 61
8435 31
8436 10
8438 64
8441 38
8442 6
8444 56
8448 50
8450 50
8451 23
8452 23
8453 20
8454 59
8455 17
8456 20
8457 30
8458 48
8461 34
8462 27
8463 21
8464 64
8465 20
8467 17
8468 42
8469 34
8470 16
8471 10
8472 33
8474 17
8476 41
8477 41
8478 43
8479 57
8481 67
8482 24
8483 39
8484 58
8486 58
8487 55
8488 73
8489 83
8490 58
8491 39
8493 86
8494 79
8495 76
8496 73
8497 72
8498 33
8500 13
8501 32
8502 73
8503 38
8504 29
8505 35
8506 74
8507 43
8508 25
8509 55
8510 58
8511 10
8512 10
8513 76
8514 41
8515 31
8516 71
8517 23
8519 67
8520 56
8521 67
8522 51
8523 10
8524 44
8526 26
8548 41
8554 53
8555 51
8556 26
8557 42
8558 53
8559 36
8560 20
8561 52
8562 38
8563 35
8564 16
8565 45
8566 50
8567 23
8568 46
8569 40
8571 32
8572 68
8573 35
8574 37
8575 6
8576 44
8580 66
8581 42
8582 44
8583 32
8584 82
8585 42
8586 32
8587 63
8588 54
8589 19
8590 23
8591 41
8592 42
8593 33
8594 66
8595 46
8596 16
8597 36
8598 44
8599 65
8600 58
8601 23
8602 52
8604 32
8605 6
8606 41
8610 48
8613 85
8614 48
8620 73
8623 40
8625 6
8626 37
8627 6
8628 41
8630 10
8634 74
8635 48
8636 6
8637 42
8638 21
8639 13
8643 56
8644 40
8645 61
8647 48
8649 61
8650 78
8651 57
8657 31
8658 28
8662 47
8666 35
8672 24
8682 13
8684 60
8688 57
8691 69
8692 66
8698 44
8701 26
8736 61
8737 61
8738 61
8739 65
8740 57
8741 63
8742 55
8743 62
8744 53
8745 33
8746 34
8747 59
8748 56
8749 50
8750 65
8751 59
8752 23
8753 55
8754 73
8755 59
8756 39
8757 38
8758 64
8760 33
8761 10
8788 48
8789 70
8790 70
8791 66
8792 32
8793 66
8794 68
8795 60
8796 62
8797 32
8798 46
8799 78
8800 75
8801 87
8802 38
8803 75
8804 35
8805 77
8806 77
8807 86
8808 52
8809 56
8810 64
8811 30
8812 39
8813 19
8814 59
8818 73
8822 38
8825 49
8828 60
8831 57
8834 68
8838 63
8840 68
8841 19
8842 10
8843 17
8844 95
8845 10
8847 78
8848 72
8851 66
8852 25
8853 17
8854 78
8855 29
8857 60
8858 54
8859 61
8860 51
8861 6
8862 29
8864 59
8866 89
8867 79
8868 78
8869 77
8870 92
8871 80
8872 72
8873 87
8874 90
8875 61
8876 63
8877 80
8878 79
8879 74
8880 86
8881 77
8882 50
8883 83
8884 91
8885 95
8886 71
8887 60
8888 86
8890 69
8891 32
8892 82
8893 64
8894 75
8895 89
8896 72
8897 67
8898 57
8899 70
8900 75
8901 40
8902 49
8903 69
8904 71
8905 70
8906 77
8907 60
8908 42
8909 82
8910 88
8911 77
8912 57
8913 80
8914 82
8915 73
8916 69
8917 34
8918 68
8922 63
8926 69
8929 60
8932 75
8935 72
8937 10
8938 64
8944 90
8945 77
8946 71
8947 71
8948 86
8949 77
8950 66
8951 85
8952 85
8953 53
8954 45
8955 79
8956 76
8957 68
8958 84
8959 71
8960 44
8961 76
8962 85
8963 94
8964 75
8965 56
8966 81
8968 62
8969 10
8970 76
8974 84
8978 84
8984 68
8990 53
8994 21
8996 59
8997 45
8998 73
8999 55
9000 62
9001 69
9002 74
9003 53
9004 25
9005 13
9006 44
9007 53
9008 65
9009 91
9010 64
9011 41
9012 35
9013 49
9014 79
9015 81
9016 51
9017 52
9018 54
9019 6
9020 10
9021 62
9022 44
9026 52
9036 66
9042 61
9048 59
9049 44
9050 35
9051 39
9052 61
9053 39
9054 41
9055 52
9056 68
9057 13
9059 54
9060 44
9061 59
9062 59
9063 34
9064 6
9065 37
9066 64
9067 60
9068 40
9069 21
9070 51
9072 53
9074 61
9078 64
9082 67
9085 6
9088 64
9094 42
9098 83
9100 68
9102 20
9103 20
9104 65
9105 13
9106 25
9108 60
9111 23
9112 34
9114 66
9117 49
9118 17
9120 50
9124 66
9126 67
9127 10
9128 6
9129 16
9130 78
9131 10
9132 6
9133 17
9134 71
9135 6
9136 35
9137 10
9138 6
9139 13
9140 75
9143 10
9144 35
9145 34
9146 47
9148 29
9150 53
9152 57
9153 65
9154 65
9155 62
9156 51
9157 83
9158 47
9159 55
9160 64
9161 32
9162 29
9163 70
9164 65
9165 79
9166 70
9167 60
9168 33
9169 81
9170 64
9171 97
9172 74
9173 62
9174 88
9175 20
9176 44
9177 16
9178 64
9182 63
9183 17
9185 31
9186 55
9189 60
9192 57
9195 67
9196 10
9198 52
9224 68
9230 57
9234 71
9238 51
9244 60
9250 52
9254 40
9256 77
9257 57
9258 69
9259 53
9260 78
9261 62
9262 45
9263 77
9264 80
9265 31
9266 61
9267 56
9268 56
9269 52
9270 78
9271 70
9272 35
9273 48
9274 60
9275 83
9276 71
9277 40
9278 75
9280 43
9282 84
9283 70
9284 65
9285 64
9286 89
9287 68
9288 61
9289 101
9290 87
9291 51
9292 58
9293 81
9294 70
9295 58
9296 92
9297 64
9298 36
9299 79
9300 82
9301 81
9302 69
9303 45
9304 76
9306 70
9307 31
9308 54
9309 35
9310 28
9311 36
9312 63
9313 44
9314 29
9315 17
9316 47
9318 13
9319 28
9320 60
9321 66
9322 41
9323 61
9325 52
9326 58
9327 66
9330 20
9333 6
9334 72
9338 71
9342 69
9348 55
9351 38
9354 42
9358 37
9360 74
9364 67
9367 83
9368 74
9374 62
9377 46
9386 6
9390 16
9393 10
9394 57
9400 13
9405 13
9408 6
9412 66
9413 54
9414 54
9415 49
9416 58
9417 48
9418 43
9419 54
9420 51
9421 20
9422 30
9423 50
9424 59
9425 43
9426 76
9427 53
9428 26
9429 50
9430 55
9431 70
9432 35
9433 35
9434 58
9436 42
9437 6
9438 32
9439 6
9442 29
9445 10
9446 20
9452 13
9462 25
9464 17
9465 53
9466 70
9467 70
9469 51
9470 48
9471 44
9472 30
9473 13
9474 51
9475 64
9476 53
9477 74
9479 56
9480 17
9481 68
9482 67
9483 70
9484 37
9485 51
9486 53
9487 26
9488 19
9490 66
9491 56
9492 16
9493 20
9494 83
9495 13
9496 6
9497 26
9498 52
9499 57
9501 65
9502 27
9503 21
9504 58
9505 6
9507 58
9508 66
9509 50
9510 61
9511 45
9512 27
9514 46
9516 67
9518 69
9520 63
9523 67
9524 65
9526 75
9527 63
9530 73
9533 58
9534 23
9535 62
9536 52
9540 10
9542 71
9543 58
9544 49
9545 59
9546 73
9547 58
9548 59
9549 59
9550 73
9551 32
9552 38
9553 50
9554 54
9555 57
9556 74
9557 48
9558 27
9559 59
9560 65
9561 64
9562 64
9563 28
9564 61
9566 67
9568 59
9569 28
9570 30
9571 39
9572 20
9573 37
9574 24
9575 37
9576 38
9577 17
9579 45
9580 45
9581 60
9582 24
9583 32
9584 25
9585 36
9586 72
9587 50
9588 36
9589 55
9590 36
9591 60
9592 28
9594 86
9595 71
9596 75
9597 69
9598 73
9599 83
9600 67
9601 85
9602 77
9603 61
9604 50
9605 71
9606 78
9607 63
9608 74
9609 73
9610 32
9611 70
9612 78
9613 97
9614 61
9615 60
9616 74
9618 64
9619 26
9620 56
9621 28
9622 30
9623 37
9624 71
9625 23
9626 39
9627 29
9628 62
9629 10
9630 10
9631 47
9632 30
9633 61
9634 67
9635 10
9637 64
9638 54
9639 36
9640 53
9642 37
9644 38
9646 78
9647 31
9648 31
9649 42
9650 77
9651 19
9652 32
9653 44
9654 82
9655 25
9656 10
9657 30
9658 43
9659 60
9660 61
9661 28
9662 10
9663 16
9664 39
9665 45
9666 52
9667 17
9668 42
9670 48
9672 43
9673 27
9674 73
9675 60
9676 17
9677 44
9678 37
9679 42
9680 19
9681 21
9682 32
9683 62
9684 53
9685 82
9686 27
9687 27
9688 17
9689 54
9690 72
9691 69
9692 10
9693 27
9694 45
9695 16
9697 6
9698 33
9702 51
9712 50
9718 45
9724 65
9725 41
9726 40
9727 29
9728 81
9729 48
9730 27
9731 67
9732 71
9733 25
9734 10
9735 40
9736 38
9737 62
9738 58
9739 50
9740 16
9741 38
9742 62
9743 61
9744 50
9745 16
9746 49
9748 34
9750 72
9751 40
9752 38
9753 86
9754 82
9755 49
9756 41
9757 41
9758 76
9759 10
9760 57
9761 78
9762 62
9763 36
9764 79
9765 25
9766 6
9767 55
9768 53
9769 57
9770 70
9771 58
9772 42
9774 59
9775 31
9776 83
9777 69
9778 55
9779 53
9780 94
9781 65
9782 48
9783 72
9784 76
9785 39
9786 35
9787 51
9788 76
9789 54
9790 74
9791 78
9792 21
9793 58
9794 68
9795 82
9796 65
9797 37
9798 67
9800 66
9801 6
9802 86
9803 70
9804 80
9805 80
9806 95
9807 75
9808 85
9809 81
9810 80
9811 52
9812 49
9813 82
9814 68
9815 66
9816 86
9817 62
9818 52
9819 61
9820 90
9821 95
9822 53
9823 72
9824 78
9826 69
9827 30
9828 45
9829 54
9830 48
9831 84
9832 38
9833 64
9834 39
9835 48
9836 45
9838 86
9839 68
9840 77
9841 78
9842 40
9843 65
9844 10
9845 78
9846 59
9847 72
9848 53
9849 43
9850 49
9851 13
9852 34
9853 23
9854 65
9855 37
9856 50
9857 31
9858 81
9859 36
9860 23
9861 60
9862 69
9863 23
9864 31
9865 75
9866 40
9867 23
9868 65
9869 72
9870 6
9871 68
9872 63
9873 55
9874 60
9875 6
9876 46
9878 42
9900 57
9906 83
9907 68
9908 73
9909 84
9910 92
9911 65
9912 71
9913 78
9914 81
9915 50
9916 70
9917 71
9918 82
9919 78
9920 75
9921 65
9922 33
9923 75
9924 82
9925 92
9926 60
9927 42
9928 75
9930 74
9931 43
9932 72
9933 26
9934 67
9935 27
9936 89
9937 29
9938 13
9939 64
9940 74
9941 19
9942 34
9943 54
9944 52
9945 34
9946 68
9947 66
9948 30
9949 19
9950 80
9951 85
9952 64
9953 24
9954 43
9956 48
9958 78
9959 71
9960 63
9961 61
9962 76
9963 63
9964 59
9965 99
9966 77
9967 38
9968 61
9969 62
9970 64
9971 51
9972 75
9973 59
9974 41
9975 69
9976 73
9977 80
9978 63
9979 47
9980 66
9982 55
9984 75
9985 73
9986 71
9987 72
9988 52
9989 57
9990 89
9991 70
9992 66
9993 43
9994 64
9995 94
9996 67
9997 92
9998 57
9999 66
10000 39
10001 92
10002 91
10003 93
10004 47
10005 55
10006 73
10007 19
10008 53
10009 16
10010 64
10011 42
10012 43
10013 43
10014 90
10015 42
10016 39
10017 53
10018 70
10019 19
10020 32
10021 43
10022 35
10023 61
10024 52
10025 38
10026 6
10027 47
10028 65
10029 52
10030 24
10031 13
10032 59
10034 32
10036 83
10037 62
10038 61
10039 68
10040 83
10041 60
10042 51
10043 77
10044 79
10045 42
10046 35
10047 68
10048 63
10049 86
10050 69
10051 54
10052 34
10053 58
10054 76
10055 76
10056 48
10057 48
10058 72
10060 59
10061 19
10062 36
10063 23
10064 23
10065 16
10066 41
10067 35
10069 26
10070 46
10073 17
10074 16
10075 21
10076 37
10077 13
10079 23
10080 27
10081 37
10084 36
10086 27
10088 59
10089 35
10090 34
10091 30
10092 59
10093 48
10094 19
10095 46
10096 53
10097 16
10098 29
10099 39
10100 48
10101 30
10102 75
10103 28
10105 27
10106 60
10107 50
10108 13
10109 10
10110 48
10112 28
10114 20
10117 20
10118 51
10121 34
10122 29
10125 28
10127 10
10128 13
10136 6
10138 19
10139 24
10140 27
10141 53
10142 66
10143 43
10144 23
10145 37
10146 55
10147 30
10148 71
10149 6
10150 17
10151 68
10152 36
10153 76
10155 65
10156 24
10157 85
10158 78
10159 73
10160 60
10161 60
10162 46
10164 56
10166 33
10170 47
10174 16
10177 27
10180 42
10183 31
10186 47
10190 45
10192 39
10196 10
10199 49
10200 6
10203 30
10206 43
10209 29
10212 10
10218 27
10222 34
10226 34
10232 39
10235 27
10238 17
10240 6
10244 82
10245 40
10246 78
10247 76
10248 60
10249 50
10250 34
10251 45
10252 49
10253 20
10254 17
10255 59
10256 34
10257 81
10258 74
10259 38
10261 89
10262 60
10263 73
10264 29
10265 33
10266 51
10267 28
10268 38
10269 19
10270 37
10274 30
10278 41
10281 23
10284 50
10287 46
10290 41
10296 28
10300 20
10304 17
10307 16
10310 27
10313 28
10316 13
10322 61
10323 23
10324 13
10325 10
10326 66
10327 6
10329 21
10330 66
10333 17
10334 13
10335 6
10336 53
10337 17
10339 46
10340 33
10341 31
10342 34
10343 6
10344 24
10346 54
10348 45
10349 13
10350 67
10351 63
10352 79
10353 32
10354 37
10355 25
10358 37
10359 60
10360 33
10361 78
10362 36
10363 50
10364 28
10365 67
10366 59
10367 72
10368 28
10369 19
10370 27
10373 6
10374 13
10378 23
10382 10
10388 28
10394 28
10404 29
10408 34
10413 21
10426 83
10430 84
10434 73
10440 61
10446 59
10450 65
10452 47
10456 48
10460 21
10464 6
10466 41
10469 21
10472 31
10476 40
10478 25
10482 37
10486 25
10492 43
10504 23
10505 10
10506 61
10507 28
10508 45
10509 62
10510 16
10511 24
10512 72
10514 64
10515 75
10516 34
10517 78
10518 67
10519 54
10521 75
10522 83
10523 62
10524 59
10525 47
10526 65
10530 54
10534 82
10537 6
10538 67
10541 59
10543 6
10544 71
10547 67
10548 10
10549 6
10550 29
10552 6
10554 65
10576 29
10582 67
10586 87
10590 86
10596 86
10602 55
10606 23
10607 16
10608 61
10609 47
10610 41
10611 36
10612 61
10613 44
10614 28
10615 56
10616 56
10617 16
10618 27
10619 38
10620 42
10621 36
10622 58
10623 39
10624 23
10625 33
10626 47
10627 62
10628 39
10629 13
10630 55
10632 45
10634 62
10635 41
10636 36
10637 29
10638 70
10639 42
10640 27
10641 72
10642 68
10643 13
10645 50
10646 38
10647 30
10648 69
10649 30
10650 17
10651 40
10652 48
10653 57
10654 59
10655 17
10656 44
10658 51
10660 13
10661 58
10662 36
10663 36
10664 23
10665 40
10666 34
10668 6
10670 17
10671 64
10672 28
10673 55
10675 48
10677 66
10678 57
10679 72
10684 17
10685 38
10686 16
10690 20
10694 16
10700 20
10712 51
10716 41
10719 54
10720 57
10726 35
10729 31
10764 50
10765 36
10766 34
10767 25
10768 38
10769 35
10770 25
10771 38
10772 48
10773 19
10775 37
10776 39
10777 29
10778 53
10779 30
10781 36
10782 43
10783 48
10784 17
10785 16
10786 43
10788 29
10798 6
11336 74
11340 76
11344 81
11350 41
11356 30
11360 17
11396 6
11492 36
11493 71
11494 78
11495 70
11496 37
11497 63
11498 73
11499 52
11500 78
11501 23
11502 47
11503 80
11504 69
11505 93
11506 50
11507 72
11508 32
11509 70
11510 78
11511 85
11512 55
11513 70
11514 72
11515 10
11516 67
11517 45
11518 63
11519 10
11522 74
11523 6
11524 6
11525 44
11526 54
11529 54
11530 20
11531 6
11532 63
11535 64
11536 35
11537 31
11538 68
11539 6
11540 16
11542 59
11544 68
11547 6
11548 73
11551 77
11552 56
11554 13
11555 60
11558 74
11561 53
11563 17
11564 60
11568 50
11570 74
11571 55
11572 52
11573 48
11574 80
11575 56
11576 41
11577 62
11578 78
11579 36
11580 25
11581 63
11582 51
11583 49
11584 71
11585 48
11586 20
11587 59
11588 78
11589 70
11590 51
11591 31
11592 62
11594 46
11596 96
11597 73
11598 85
11599 92
11600 84
11601 79
11602 77
11603 79
11604 82
11605 58
11606 48
11607 80
11608 84
11609 87
11610 77
11611 83
11612 62
11613 71
11614 95
11615 91
11616 60
11617 77
11618 86
11619 62
11620 73
11621 32
11622 71
11623 17
11624 10
11625 13
11626 70
11627 10
11628 6
11629 6
11630 60
11633 54
11636 73
11639 68
11640 42
11641 20
11642 63
11644 17
11648 60
11649 31
11650 27
11651 23
11652 76
11653 25
11654 25
11655 38
11656 63
11659 48
11660 23
11661 35
11662 66
11663 27
11665 60
11666 46
11667 42
11668 55
11670 40
11672 44
11674 79
11678 81
11682 75
11688 69
11694 60
11698 33
11700 76
11701 71
11702 74
11703 71
11704 87
11705 67
11706 78
11707 50
11708 43
11709 16
11710 55
11711 67
11712 67
11713 93
11714 74
11715 61
11716 26
11717 39
11718 82
11719 82
11720 73
11721 74
11722 49
11723 21
11724 6
11725 52
11726 45
11730 47
11734 6
11740 58
11746 47
11752 59
11753 43
11754 39
11755 32
11756 65
11757 41
11758 30
11759 44
11760 60
11761 19
11762 16
11763 45
11764 44
11765 62
11766 54
11767 33
11768 13
11769 33
11770 58
11771 53
11772 41
11773 10
11774 51
11776 31
11777 6
11778 67
11779 33
11780 25
11781 64
11782 69
11783 24
11784 24
11785 37
11786 72
11787 6
11789 27
11790 32
11791 26
11792 69
11793 27
11795 23
11796 62
11797 40
11798 41
11799 6
11800 50
11802 72
11804 78
11805 42
11806 50
11807 33
11808 78
11809 44
11810 33
11811 48
11812 74
11813 19
11814 13
11815 51
11816 38
11817 38
11818 74
11819 36
11820 6
11821 52
11822 66
11823 56
11824 58
11825 16
11826 49
11828 70
11830 71
11831 43
11832 39
11833 35
11834 82
11835 52
11836 23
11837 49
11838 77
11839 17
11840 31
11841 43
11842 53
11843 34
11844 72
11845 38
11846 13
11847 35
11848 56
11849 62
11850 42
11851 20
11852 49
11854 40
11856 75
11857 68
11858 69
11859 69
11860 41
11861 82
11862 57
11863 47
11864 54
11865 45
11866 63
11867 65
11868 89
11869 81
11870 80
11871 75
11872 28
11873 73
11874 80
11875 71
11876 87
11877 72
11878 81
11879 34
11880 58
11881 36
11882 66
11883 13
11884 20
11886 66
11887 20
11888 6
11889 42
11890 56
11891 6
11893 62
11894 23
11895 24
11896 65
11897 17
11899 72
11900 51
11901 29
11902 50
11903 6
11904 20
11906 19
11928 56
11934 70
11938 84
11939 6
11941 21
11942 82
11948 75
11951 16
11952 10
11953 13
11954 60
11956 13
11958 69
11960 82
11961 68
11962 63
11963 61
11964 85
11965 63
11966 50
11967 78
11968 77
11969 57
11970 51
11971 60
11972 64
11973 54
11974 81
11975 65
11976 39
11977 55
11978 66
11979 86
11980 67
11981 40
11982 72
11984 47
11985 10
11986 79
11987 52
11988 47
11989 44
11990 77
11991 53
11992 38
11993 95
11994 77
11995 30
11996 23
11997 56
11998 55
11999 51
12000 83
12001 42
12002 16
12003 65
12004 69
12005 64
12006 72
12007 21
12008 66
12010 69
12011 6
12012 39
12013 58
12014 67
12015 55
12016 70
12017 46
12018 58
12019 17
12020 59
12021 40
12022 38
12023 56
12024 60
12025 71
12026 13
12027 64
12029 30
12030 77
12031 62
12035 6
12036 10
12037 16
12038 64
12039 6
12041 13
12042 72
12043 6
12045 6
12046 66
12051 13
12052 54
12053 6
12057 23
12058 16
12060 13
12062 27
12064 77
12068 65
12071 78
12072 75
12078 65
12081 44
12090 6
12093 10
12094 6
12098 42
12104 10
12105 10
12107 6
12108 16
12109 17
12111 38
12113 41
12116 73
12117 66
12118 62
12119 63
12120 62
12121 63
12122 59
12123 66
12124 72
12125 37
12126 44
12127 61
12128 66
12129 58
12130 78
12131 61
12132 41
12133 57
12134 71
12135 78
12136 48
12137 46
12138 70
12140 49
12142 30
12146 25
12149 25
12150 6
12156 40
12168 36
12169 71
12170 73
12171 70
12172 10
12173 69
12174 71
12175 55
12176 90
12177 37
12178 55
12179 80
12180 77
12181 94
12182 23
12183 71
12184 40
12185 79
12186 79
12187 81
12188 56
12189 66
12190 74
12191 31
12192 79
12193 10
12194 70
12198 80
12201 6
12202 52
12205 58
12208 66
12211 67
12214 76
12218 62
12220 78
12224 68
12227 73
12228 68
12231 63
12234 84
12237 73
12240 65
12242 6
12244 27
12246 67
12249 10
12250 74
12254 71
12258 6
12260 68
12263 64
12266 56
12268 21
12270 34
12272 80
12273 65
12274 74
12275 87
12276 87
12277 67
12278 56
12279 71
12280 76
12281 41
12282 44
12283 90
12284 72
12285 84
12286 73
12287 67
12288 56
12289 81
12290 81
12291 84
12292 52
12293 76
12294 76
12295 66
12296 71
12297 17
12298 77
12300 6
12302 66
12306 70
12309 57
12312 79
12313 6
12315 72
12318 60
12322 40
12324 60
12328 57
12331 23
12332 54
12335 57
12337 19
12338 69
12341 68
12344 55
12348 13
12350 90
12351 47
12352 52
12353 37
12354 98
12355 49
12356 40
12357 51
12358 81
12359 25
12360 44
12361 49
12362 58
12363 46
12364 89
12365 43
12366 13
12367 58
12368 51
12369 63
12370 66
12371 33
12372 62
12374 52
12376 71
12377 75
12378 65
12379 82
12380 65
12381 70
12382 73
12383 56
12384 31
12385 19
12386 43
12387 75
12388 72
12389 92
12390 79
12391 50
12392 10
12393 69
12394 80
12395 86
12396 37
12397 63
12398 54
12399 63
12401 47
12402 42
12406 60
12410 10
12416 57
12422 59
12428 54
12429 32
12430 23
12431 20
12432 75
12433 41
12434 13
12435 47
12436 71
12437 6
12438 10
12439 39
12440 40
12441 59
12442 49
12443 28
12444 19
12445 34
12446 45
12447 48
12448 43
12449 23
12450 43
12452 55
12454 72
12458 76
12462 77
12468 72
12472 10
12474 50
12478 68
12480 82
12481 30
12482 27
12483 23
12484 71
12485 28
12486 29
12487 29
12488 76
12491 28
12492 32
12493 24
12494 77
12495 13
12497 48
12498 38
12499 37
12500 63
12502 36
12504 62
12506 66
12510 72
12514 55
12520 85
12525 59
12526 50
12530 13
12532 63
12533 66
12534 69
12535 57
12536 50
12537 91
12538 53
12539 62
12540 64
12541 36
12542 42
12543 79
12544 87
12545 87
12546 70
12547 64
12548 34
12549 77
12550 63
12551 69
12552 78
12553 68
12554 70
12556 52
12558 76
12559 10
12560 10
12562 84
12563 21
12565 52
12566 76
12567 6
12568 13
12569 70
12571 10
12572 78
12573 6
12575 77
12576 28
12577 27
12578 62
12580 23
12582 40
12604 71
12606 10
12610 60
12614 77
12617 6
12618 60
12624 65
12628 13
12630 55
12634 10
12636 84
12637 61
12638 61
12639 57
12640 86
12641 60
12642 48
12643 81
12644 89
12645 37
12646 47
12647 63
12648 70
12649 56
12650 83
12651 67
12652 40
12653 52
12654 63
12655 81
12656 75
12657 39
12658 69
12660 54
12661 13
12662 91
12663 70
12664 65
12665 63
12666 90
12667 65
12668 58
12669 97
12670 89
12671 40
12672 44
12673 69
12674 66
12675 63
12676 94
12677 66
12678 35
12679 89
12680 75
12681 78
12682 74
12683 46
12684 71
12686 63
12687 10
12688 63
12689 68
12690 78
12691 68
12692 56
12693 65
12694 53
12695 17
12696 59
12698 20
12699 62
12700 67
12701 73
12702 13
12703 73
12705 79
12706 66
12707 40
12709 31
12713 10
12714 51
12718 66
12722 60
12728 58
12734 20
12738 6
12740 78
12744 85
12747 85
12748 80
12754 72
12757 54
12760 38
12766 10
12769 6
12774 34
12785 16
12787 42
12792 52
12793 39
12794 42
12795 27
12796 58
12797 38
12798 31
12799 36
12800 42
12801 16
12802 10
12803 44
12804 54
12805 38
12806 73
12807 32
12809 33
12810 45
12811 48
12812 19
12813 13
12814 41
12816 10
12818 13
12822 27
12831 6
12838 10
12844 23
12845 78
12846 73
12847 61
12848 43
12849 67
12850 70
12851 53
12852 80
12853 29
12854 79
12855 85
12856 65
12857 93
12858 23
12859 65
12860 37
12861 77
12862 83
12863 83
12864 55
12865 52
12866 63
12867 32
12868 59
12869 6
12870 63
12874 82
12878 46
12881 54
12884 62
12887 59
12890 71
12894 65
12896 70
12897 6
12898 13
12900 53
12903 78
12904 45
12907 57
12910 77
12913 57
12915 25
12916 47
12918 23
12920 29
12922 66
12926 69
12929 6
12930 69
12936 74
12939 56
12942 48
12944 21
12946 28
12948 80
12949 59
12950 64
12951 93
12952 70
12953 64
12954 53
12955 65
12956 66
12957 38
12958 36
12959 80
12960 72
12961 87
12962 69
12963 70
12964 38
12965 97
12966 80
12967 72
12968 52
12969 72
12970 67
12971 65
12972 53
12973 19
12974 64
12978 62
12982 66
12985 57
12988 77
12991 69
12994 66
12996 6
13000 54
13004 60
13007 13
13008 55
13011 50
13013 6
13014 65
13017 61
13020 43
13022 6
13026 104
13027 63
13028 64
13029 62
13030 119
13031 64
13032 58
13033 79
13034 100
13035 45
13036 39
13037 61
13038 66
13039 55
13040 93
13041 62
13042 40
13043 83
13044 74
13045 83
13046 70
13047 46
13048 70
13050 67
13051 17
13052 67
13053 56
13054 80
13055 61
13056 73
13057 72
13058 57
13059 61
13060 26
13061 16
13062 52
13063 81
13064 85
13065 94
13066 94
13067 53
13068 43
13069 68
13070 86
13071 84
13072 35
13073 71
13074 60
13076 10
13077 48
13078 50
13082 54
13092 57
13098 53
13104 31
13108 47
13112 50
13117 67
13118 28
13121 29
13124 44
13130 68
13134 87
13137 6
13138 72
13141 36
13144 67
13150 42
13154 80
13156 77
13157 10
13158 17
13159 21
13160 74
13161 19
13162 30
13164 64
13167 27
13168 32
13170 72
13173 52
13174 29
13176 61
13180 64
13182 59
13186 68
13190 64
13196 76
13201 35
13202 43
13208 81
13209 84
13210 77
13211 78
13212 72
13213 91
13214 78
13215 87
13216 71
13217 55
13218 65
13219 80
13220 84
13221 87
13222 84
13223 80
13224 42
13225 86
13226 84
13227 92
13228 77
13229 72
13230 79
13231 42
13232 65
13233 23
13234 66
13238 65
13239 21
13241 38
13242 60
13245 59
13248 64
13251 70
13252 10
13254 53
13258 10
13280 57
13286 86
13290 86
13293 10
13294 80
13300 79
13303 6
13306 77
13310 71
13312 81
13313 62
13314 63
13315 57
13316 78
13317 61
13318 53
13319 81
13320 74
13321 42
13322 53
13323 60
13324 63
13325 60
13326 81
13327 66
13328 40
13329 56
13330 65
13331 79
13332 68
13333 46
13334 71
13336 50
13337 6
13338 71
13339 10
13340 13
13341 10
13342 89
13343 6
13344 13
13345 99
13346 77
13349 83
13350 10
13352 87
13353 6
13354 6
13355 65
13356 36
13357 20
13358 53
13359 16
13360 57
13362 60
13364 65
13365 42
13366 45
13367 67
13368 54
13369 46
13370 37
13372 39
13375 49
13376 58
13377 74
13378 51
13379 71
13381 87
13382 65
13383 58
13385 16
13388 6
13389 62
13390 49
13394 59
13398 51
13404 43
13410 6
13414 17
13416 87
13420 79
13423 82
13424 80
13430 82
13433 44
13436 10
13440 17
13468 73
13469 58
13470 58
13471 50
13472 63
13473 62
13474 46
13475 61
13476 65
13477 33
13478 28
13479 54
13480 53
13481 48
13482 82
13483 54
13484 23
13485 52
13486 62
13487 70
13488 39
13489 33
13490 65
13492 53
13494 39
13495 27
13496 23
13497 13
13498 41
13499 20
13500 6
13501 34
13502 31
13503 6
13505 13
13506 13
13507 20
13508 21
13509 13
13511 20
13512 27
13513 31
13516 36
13520 10
13521 46
13522 40
13523 54
13525 32
13526 50
13527 25
13528 57
13530 33
13531 73
13532 31
13533 62
13535 29
13536 10
13537 77
13538 51
13539 60
13541 28
13542 27
13544 37
13546 44
13547 55
13548 19
13549 37
13550 57
13551 21
13552 6
13553 23
13554 44
13555 59
13557 70
13558 49
13559 23
13560 52
13561 19
13563 44
13564 51
13565 64
13566 50
13567 10
13568 29
13570 34
13572 64
13573 10
13574 66
13575 36
13576 64
13579 84
13580 48
13582 71
13583 27
13585 6
13586 55
13589 39
13590 10
13591 63
13592 10
13594 10
13596 51
13598 52
13599 40
13600 31
13601 70
13602 69
13603 29
13604 61
13605 39
13606 63
13607 10
13608 13
13609 47
13610 20
13611 26
13612 63
13613 27
13614 6
13615 41
13616 51
13617 46
13618 25
13619 29
13620 38
13622 54
13624 58
13625 47
13626 47
13627 69
13628 54
13629 44
13630 37
13631 48
13632 50
13633 28
13634 10
13635 61
13636 47
13637 64
13638 50
13639 51
13640 17
13641 56
13642 74
13643 62
13644 34
13645 45
13646 48
13647 36
13648 35
13650 43
13652 16
13654 37
13655 71
13656 10
13657 25
13658 38
13661 29
13662 16
13663 10
13664 50
13667 36
13668 21
13669 36
13670 17
13672 29
13676 51
13677 20
13678 21
13679 10
13680 55
13681 17
13682 62
13683 91
13684 47
13685 6
13687 46
13688 37
13689 31
13690 57
13691 16
13693 32
13694 32
13695 27
13696 52
13698 23
13700 6
13702 67
13706 54
13710 28
13713 35
13716 46
13720 6
13722 27
13728 38
13729 24
13730 62
13731 52
13732 61
13733 39
13734 17
13735 34
13736 6
13737 6
13738 23
13739 65
13740 38
13741 63
13742 24
13743 34
13744 10
13745 65
13746 67
13747 74
13749 49
13750 36
13753 24
13754 19
13758 25
13768 44
13774 34
13780 16
13781 6
13784 52
13787 47
13788 28
13791 6
13793 63
13794 42
13797 16
13800 6
13806 75
13807 48
13808 52
13809 92
13810 65
13811 56
13812 52
13813 51
13814 66
13815 24
13816 35
13817 77
13818 47
13819 51
13820 60
13821 50
13822 16
13823 40
13824 63
13825 75
13826 38
13827 34
13828 52
13830 52
13832 68
13833 67
13834 17
13835 28
13836 68
13837 34
13838 10
13839 29
13840 58
13842 10
13843 19
13844 60
13845 52
13846 56
13847 62
13848 10
13849 34
13850 57
13851 39
13852 58
13853 16
13854 35
13856 47
13858 66
13859 50
13860 72
13861 90
13862 69
13863 59
13864 77
13865 56
13866 70
13867 47
13868 61
13869 55
13870 43
13871 64
13872 58
13873 54
13874 23
13875 47
13876 64
13877 83
13878 47
13879 24
13880 53
13881 10
13882 38
13883 6
13884 10
13885 23
13889 43
13890 6
13891 26
13892 25
13895 23
13897 48
13898 6
13899 13
13901 39
13902 23
13903 35
13904 59
13905 10
13906 24
13908 13
13910 69
13911 53
13912 40
13913 34
13914 61
13915 48
13916 30
13917 61
13918 67
13919 29
13920 19
13921 59
13922 45
13923 37
13924 75
13925 68
13926 24
13927 57
13928 60
13929 74
13930 40
13931 23
13932 58
13934 46
13956 40
13962 72
13963 64
13964 67
13965 65
13966 86
13967 65
13968 68
13969 63
13970 78
13971 40
13972 48
13973 65
13974 65
13975 82
13976 66
13977 70
13978 29
13979 72
13980 80
13981 73
13982 39
13983 54
13984 59
13986 59
13987 6
13988 76
13989 66
13990 62
13991 55
13992 87
13993 57
13994 50
13995 76
13996 75
13997 35
13998 53
13999 69
14000 57
14001 58
14002 63
14003 64
14004 36
14005 53
14006 76
14007 87
14008 63
14009 44
14010 64
14012 53
14014 78
14015 64
14016 62
14017 59
14018 77
14019 63
14020 51
14021 82
14022 83
14023 49
14024 46
14025 63
14026 64
14027 63
14028 78
14029 59
14030 34
14031 60
14032 74
14033 85
14034 70
14035 41
14036 72
14038 67
14039 33
14053 45
14055 30
14058 26
14059 13
14066 41
14070 55
14074 32
14080 37
14083 36
14092 55
14096 55
14099 53
14100 65
14106 55
14109 30
14118 29
14119 20
14120 20
14121 16
14122 41
14123 23
14124 6
14125 30
14126 31
14128 6
14129 19
14130 26
14131 6
14132 20
14133 19
14134 13
14135 10
14136 23
14137 40
14138 41
14139 13
14140 25
14142 10
14144 33
14145 13
14146 6
14147 6
14148 38
14149 6
14151 16
14152 31
14156 17
14158 51
14161 13
14162 23
14163 30
14164 6
14166 20
14168 16
14170 20
14174 25
14177 19
14178 17
14182 36
14184 62
14189 10
14194 13
14195 45
14196 32
14197 38
14198 47
14199 39
14200 19
14201 26
14202 58
14203 29
14204 58
14206 6
14207 77
14208 16
14209 73
14211 30
14213 63
14214 63
14215 62
14216 48
14218 29
14220 23
14222 23
14226 34
14233 13
14236 20
14239 20
14242 34
14246 16
14248 30
14252 10
14255 23
14259 16
14262 39
14265 19
14274 16
14278 34
14282 35
14288 23
14291 16
14294 13
14300 77
14301 73
14302 61
14303 81
14304 58
14305 64
14306 60
14307 74
14308 70
14309 50
14310 46
14311 75
14312 73
14313 87
14314 67
14315 59
14316 33
14317 98
14318 80
14319 79
14320 54
14321 44
14322 63
14323 45
14324 67
14325 16
14326 27
14330 33
14334 13
14337 17
14340 26
14343 24
14352 28
14356 13
14360 13
14363 23
14366 27
14369 21
14372 10
14378 49
14382 40
14386 32
14392 26
14398 17
14404 47
14405 34
14406 72
14407 70
14408 63
14409 26
14410 46
14411 24
14412 46
14414 13
14415 71
14416 17
14417 82
14418 65
14419 21
14421 57
14422 73
14423 67
14424 17
14425 52
14426 23
14429 21
14444 13
14450 16
14456 20
14460 17
14464 6
14469 20
14476 16
14482 34
14486 29
14490 21
14496 54
14500 6
14501 10
14508 28
14512 21
14516 16
14522 23
14525 6
14528 10
14532 17
14534 61
14538 20
14542 32
14548 38
14560 28
14561 16
14562 45
14563 32
14564 13
14565 28
14566 30
14567 26
14568 73
14570 42
14571 67
14572 10
14573 46
14574 13
14575 10
14576 10
14577 57
14578 29
14579 54
14580 61
14581 19
14582 33
14584 43
14585 23
14586 23
14590 23
14594 20
14600 19
14603 30
14606 21
14632 10
14638 38
14642 51
14646 24
14652 58
14658 37
14662 16
14664 49
14665 31
14666 37
14667 30
14668 36
14669 36
14670 20
14671 43
14672 29
14673 10
14674 43
14675 26
14676 34
14677 20
14678 31
14679 31
14680 13
14681 30
14682 39
14683 42
14684 28
14685 19
14686 38
14688 17
14690 10
14697 50
14704 45
14707 6
14708 6
14710 28
14720 6
14727 48
14729 16
14731 6
14734 6
14735 13
14742 6
14746 6
14750 6
14759 6
14766 20
14768 50
14772 36
14775 50
14776 43
14782 21
14785 13
14820 42
14821 33
14822 31
14823 20
14824 26
14825 28
14826 10
14827 30
14828 27
14831 20
14832 13
14833 13
14834 35
14835 23
14837 25
14838 36
14839 29
14840 6
14841 6
14842 29
14873 45
14874 43
14875 47
14877 43
14878 54
14879 28
14880 69
14881 6
14882 55
14883 73
14884 41
14885 78
14887 40
14888 10
14889 82
14890 100
14891 72
14892 26
14893 51
14894 37
14895 39
14896 84
14898 44
14902 55
14906 23
14909 32
14912 43
14915 37
14918 54
14922 41
14924 51
14928 23
14931 42
14932 20
14935 41
14938 58
14941 33
14944 27
14948 6
14950 49
14951 27
14952 24
14953 19
14954 56
14955 23
14957 29
14958 51
14960 6
14961 31
14962 23
14963 20
14964 55
14965 20
14967 41
14968 39
14969 34
14970 30
14972 36
14974 27
14976 73
14977 44
14978 57
14979 73
14980 74
14981 44
14982 46
14983 65
14984 53
14985 27
14986 42
14987 81
14988 58
14989 78
14990 40
14991 52
14992 16
14993 90
14994 64
14995 53
14996 32
14997 66
14998 59
14999 41
15000 40
15002 45
15006 40
15010 33
15013 31
15016 53
15019 52
15022 50
15028 34
15032 30
15036 27
15039 36
15042 43
15045 40
15048 19
15054 88
15058 90
15062 94
15068 91
15071 6
15074 34
15078 70
15080 39
15081 19
15082 57
15083 58
15084 31
15085 65
15086 40
15087 40
15089 6
15090 31
15091 84
15092 46
15093 82
15094 20
15095 44
15097 38
15098 75
15099 98
15100 10
15101 38
15102 36
15105 13
15106 16
15110 32
15120 35
15126 34
15132 19
15136 28
15140 28
15145 27
15152 17
15154 44
15158 45
15159 19
15160 13
15161 20
15162 59
15163 21
15165 17
15166 55
15169 10
15171 6
15172 50
15173 13
15175 13
15176 37
15177 29
15178 17
15180 26
15182 55
15184 51
15188 50
15192 48
15196 16
15198 53
15201 34
15204 49
15208 47
15210 68
15211 57
15212 54
15213 49
15214 61
15215 55
15216 44
15217 61
15218 63
15219 29
15220 27
15221 46
15222 49
15223 42
15224 66
15225 52
15226 31
15227 47
15228 62
15229 69
15230 51
15231 34
15232 61
15234 38
15236 46
15237 49
15238 51
15239 51
15240 44
15241 63
15242 42
15243 52
15244 42
15245 16
15246 46
15247 58
15248 73
15249 70
15250 69
15251 51
15252 19
15253 84
15254 54
15255 52
15256 85
15257 44
15258 51
15260 43
15262 49
15266 40
15269 21
15270 39
15273 35
15276 36
15279 49
15282 21
15308 39
15314 53
15318 61
15322 67
15328 63
15334 34
15338 30
15340 61
15341 43
15342 41
15343 36
15344 50
15345 43
15346 31
15347 60
15348 54
15349 23
15350 30
15351 40
15352 42
15353 38
15354 63
15355 50
15356 19
15357 34
15358 44
15359 61
15360 44
15361 10
15362 55
15364 36
15366 37
15370 36
15373 77
15374 34
15380 64
15383 38
15386 28
15388 31
15395 6
15398 13
15400 6
15405 47
15407 46
15409 27
15410 33
15411 17
15417 6
15418 16
15422 39
15426 27
15432 45
15444 57
15448 55
15451 67
15452 57
15458 48
15461 27
15496 24
15497 6
15498 16
15499 10
15500 50
15501 10
15502 6
15503 19
15504 17
15507 6
15508 16
15509 16
15510 60
15511 10
15513 6
15515 10
15518 24
15526 13
15530 6
15549 6
15550 53
15551 10
15553 13
15554 36
15555 6
15559 34
15560 59
15561 55
15563 6
15565 17
15566 41
15567 41
15574 17
15578 26
15582 17
15588 10
15591 13
15594 19
15598 13
15600 36
15604 66
15607 47
15608 54
15611 60
15614 36
15617 23
15620 49
15626 13
15630 16
15634 16
15640 17
15646 10
15652 21
15654 52
15655 58
15656 37
15657 6
15659 16
15660 16
15663 13
15664 43
15665 23
15666 10
15667 6
15669 50
15670 43
15671 32
15674 21
15675 10
15678 19
15682 26
15686 23
15689 16
15692 36
15695 26
15698 10
15721 10
15730 49
15734 30
15738 38
15744 35
15750 38
15756 20
15757 23
15758 42
15759 19
15760 48
15761 16
15762 17
15763 6
15764 35
15767 39
15768 37
15769 44
15770 53
15771 16
15773 17
15774 60
15775 45
15777 28
15796 6
15802 6
15816 6
15819 6
15834 13
15838 28
15842 25
15848 10
15860 23
15864 24
15868 29
15874 39
15886 21
15890 19
15900 21
15914 32
15917 39
15925 35
15929 40
15931 6
15932 19
15938 39
15942 71
15946 42
15949 62
15952 45
15955 67
15958 10
15984 36
15990 16
15994 17
16004 19
16010 23
16016 21
16018 10
16019 6
16020 19
16023 27
16024 16
16028 13
16030 25
16035 29
16036 13
16038 6
16042 35
16043 28
16044 17
16045 50
16046 59
16047 32
16048 6
16049 53
16050 46
16054 43
16055 6
16056 40
16057 21
16058 6
16059 61
16060 29
16061 44
16062 34
16063 16
16064 35
16066 43
16069 6
16079 32
16081 6
16083 10
16085 41
16086 16
16094 17
16098 6
16102 46
16106 10
16108 19
16113 19
16116 10
16120 28
16124 32
16127 37
16128 32
16134 16
16146 6
16154 33
16160 10
16165 17
16167 25
16169 25
16172 10
16174 6
16176 29
16178 6
16180 6
16183 6
16186 21
16190 20
16224 47
16225 60
16226 61
16227 60
16228 17
16229 61
16230 57
16231 50
16232 48
16233 21
16234 36
16235 69
16236 54
16237 86
16238 31
16239 57
16240 28
16241 72
16242 73
16243 70
16244 43
16245 44
16246 60
16248 31
16249 40
16250 56
16254 76
16258 41
16261 51
16264 66
16267 60
16270 70
16274 58
16276 67
16280 43
16283 65
16284 44
16287 56
16290 74
16293 53
16296 46
16302 63
16303 10
16305 6
16306 70
16310 69
16312 6
16313 6
16314 13
16315 16
16316 66
16319 59
16320 13
16322 48
16324 23
16326 23
16328 71
16329 43
16330 36
16331 66
16332 30
16333 41
16334 27
16335 36
16336 46
16337 10
16338 6
16339 59
16340 44
16341 59
16342 41
16343 25
16344 28
16345 56
16346 80
16347 68
16348 26
16349 59
16350 41
16351 60
16352 48
16353 10
16354 65
16358 60
16362 62
16365 49
16368 73
16371 67
16374 53
16376 10
16380 54
16384 53
16387 6
16388 52
16391 51
16392 10
16393 27
16394 64
16397 59
16400 44
16404 6
16406 78
16410 77
16414 67
16418 6
16420 64
16426 51
16432 48
16433 30
16434 43
16435 49
16436 47
16437 54
16438 34
16439 48
16440 23
16441 16
16442 33
16443 50
16444 56
16445 85
16446 26
16447 23
16449 40
16450 64
16451 69
16452 19
16453 33
16454 50
16456 10
16458 32
16462 44
16466 27
16472 50
16478 50
16484 33
16488 44
16491 6
16492 51
16497 55
16498 23
16504 35
16510 61
16511 6
16512 6
16514 62
16518 69
16521 45
16524 68
16528 20
16530 41
16531 6
16534 37
16536 68
16537 31
16539 17
16540 64
16541 10
16542 23
16544 62
16547 16
16548 34
16549 34
16550 68
16551 52
16553 45
16556 59
16560 54
16562 56
16564 16
16566 61
16569 17
16570 53
16576 69
16580 10
16581 23
16582 32
16584 10
16585 6
16588 17
16589 46
16590 42
16591 25
16593 80
16595 42
16596 10
16598 13
16599 47
16600 10
16601 78
16603 50
16605 61
16606 10
16607 54
16608 98
16609 50
16610 51
16614 62
16618 60
16619 10
16621 39
16622 54
16625 57
16628 61
16631 67
16632 33
16633 29
16634 53
16660 53
16666 62
16669 19
16670 73
16673 17
16674 53
16678 6
16680 58
16683 10
16684 19
16685 16
16686 50
16690 10
16692 73
16693 55
16694 55
16695 48
16696 73
16697 51
16698 45
16699 72
16700 69
16701 30
16702 47
16703 56
16704 57
16705 45
16706 72
16707 61
16708 33
16709 45
16710 59
16711 74
16712 62
16713 32
16714 57
16716 37
16717 13
16718 56
16722 56
16725 92
16726 57
16732 80
16735 59
16738 53
16740 53
16742 20
16746 19
16750 25
16751 10
16752 6
16754 32
16755 29
16756 10
16757 61
16759 53
16761 25
16762 43
16763 30
16770 45
16774 51
16778 51
16784 42
16790 10
16796 72
16800 76
16803 77
16804 73
16810 67
16813 46
16826 6
16830 10
16848 24
16852 59
16856 19
16862 66
16866 6
16878 33
16881 6
16882 16
16900 31
16901 34
16902 17
16903 10
16904 6
16906 19
16907 19
16908 6
16910 27
16911 17
16913 42
16914 6
16915 6
16917 45
16918 21
16919 48
16921 6
16922 20
16924 13
16926 6
16930 20
16934 6
16940 6
16946 10
16952 13
16959 6
16966 19
16978 13
16982 23
16986 10
16995 20
16999 19
17004 48
17005 34
17006 27
17007 68
17008 21
17009 34
17010 19
17011 42
17012 40
17013 13
17014 10
17015 35
17016 47
17017 56
17018 40
17019 30
17021 40
17022 48
17023 50
17024 27
17025 17
17026 42
17028 26
17030 10
17038 6
17044 10
17047 13
17056 6
17082 36
17086 44
17089 6
17090 29
17095 20
17096 23
17100 13
17101 16
17104 16
17110 16
17111 16
17112 35
17114 25
17119 23
17121 61
17126 16
17127 10
17128 16
17130 6
17133 6
17148 6
17174 10
17186 13
17190 48
17194 38
17200 28
17212 29
17220 38
17226 10
17238 28
17242 10
17252 19
17264 10
17266 6
17267 30
17269 17
17270 31
17272 39
17275 6
17277 44
17278 10
17279 13
17281 16
17284 16
17285 62
17286 10
17290 6
17307 10
17336 6
17342 6
17346 17
17362 6
17368 10
17375 6
17378 6
17379 6
17382 13
17387 10
17388 6
17401 29
17408 21
17411 6
17421 20
17430 45
17432 19
17437 37
17438 6
17460 25
17472 26
17476 21
17479 26
17480 27
17489 6
17524 26
17525 17
17526 20
17527 10
17528 6
17529 13
17531 16
17532 16
17535 13
17536 19
17538 23
17539 13
17541 10
17542 10
17543 23
17546 23
17550 26
17552 6
17554 17
17558 34
17561 51
17564 27
17574 27
